0,0,DOWN,LEFT,RIGHT
1,0,DOWN,LEFT
2,0,DOWN
3,0,DOWN
4,0,DOWN
5,0,DOWN
6,0,DOWN
7,0,DOWN
8,0,DOWN
9,0,DOWN
10,0,DOWN
11,0,DOWN
12,0,DOWN
13,0,DOWN
14,0,DOWN
15,0,DOWN,RIGHT
0,1,LEFT
1,1
2,1
3,1
4,1
5,1
6,1
7,1
8,1
9,1
10,1
11,1
12,1
13,1
14,1
15,1,RIGHT
0,2,LEFT
1,2
2,2
3,2
4,2
5,2
6,2
7,2
8,2
9,2
10,2
11,2
12,2
13,2
14,2
15,2,RIGHT
0,3,LEFT
1,3
2,3
3,3
4,3
5,3
6,3
7,3
8,3
9,3
10,3
11,3
12,3
13,3
14,3
15,3,RIGHT
0,4,LEFT
1,4
2,4
3,4
4,4
5,4
6,4
7,4
8,4
9,4
10,4
11,4
12,4
13,4
14,4
15,4,RIGHT
0,5,LEFT
1,5
2,5
3,5
4,5
5,5
6,5
7,5
8,5
9,5
10,5
11,5
12,5
13,5
14,5
15,5,RIGHT
0,6,LEFT
1,6
2,6
3,6
4,6
5,6
6,6
7,6
8,6
9,6
10,6
11,6
12,6
13,6
14,6
15,6,RIGHT
0,7,LEFT
1,7
2,7
3,7
4,7
5,7
6,7
7,7
8,7
9,7
10,7
11,7
12,7
13,7
14,7
15,7,RIGHT
0,8,LEFT
1,8
2,8
3,8
4,8
5,8
6,8
7,8
8,8
9,8
10,8
11,8
12,8
13,8
14,8
15,8,RIGHT
0,9,LEFT
1,9
2,9
3,9
4,9
5,9
6,9
7,9
8,9
9,9
10,9
11,9
12,9
13,9
14,9
15,9,RIGHT
0,10,LEFT
1,10
2,10
3,10
4,10
5,10
6,10
7,10
8,10
9,10
10,10
11,10
12,10
13,10
14,10
15,10,RIGHT
0,11,LEFT
1,11
2,11
3,11
4,11
5,11
6,11
7,11
8,11
9,11
10,11
11,11
12,11
13,11
14,11
15,11,RIGHT
0,12,LEFT
1,12
2,12
3,12
4,12
5,12
6,12
7,12
8,12
9,12
10,12
11,12
12,12
13,12
14,12
15,12,RIGHT
0,13,LEFT
1,13
2,13
3,13
4,13
5,13
6,13
7,13
8,13
9,13
10,13
11,13
12,13
13,13
14,13
15,13,RIGHT
0,14,LEFT
1,14
2,14
3,14
4,14
5,14
6,14
7,14
8,14
9,14
10,14
11,14
12,14
13,14
14,14
15,14,RIGHT
0,15,UP,LEFT
1,15,UP
2,15,UP
3,15,UP
4,15,UP
5,15,UP
6,15,UP
7,15,UP
8,15,UP
9,15,UP
10,15,UP
11,15,UP
12,15,UP
13,15,UP
14,15,UP
15,15,UP,RIGHT
